834 EPIST. P. NADAL ἱ

00 10 00 13 0011030100, 01Ζο 000 10035135 170Ζο5 0110 0110130105
000 50 haga, 10 11313, y 000 no 317 0111011113 001 50 03110 ninguna.
Yo no quise instar 00 10 ·² que 13 111Ζ10500, 10 1700 0010110 00 pue-
030 101101 300100, y 000 13200, 3 0110 50 0010013 01110010 000 01105
000 000 01105, 000 quien 1035 005 00000003 000010171; 17 10
2.⁰, 001000 05 010005101 saber 10 000 30 00 113201 3111; 0010110
01105 0500130 01110105 0313 01001031 y confesar, 010., y 5050013 y
dos 10111 1031300015 b, 00 3 (1οΖ0 111111 01 1011131, 3013 00 presente,
y 0111Ζ3 0050005 00 13 17103 (10 1703 10003, 0110 011000 biuir 0310-
131100010 40 0 50 3005. Ε5 000053110 1701 001110 50 (1003 0111131 00
0510 negocio, 0 3 10 100005 000 00 005 3101005; 0005 01105 05130
000 110003 1701110130. Τ3011100 3 00 30001111 V. R. 1703 0053; 0110
0513 110113 05 001 310001503οΟ 00 Το1000, y 01 310001500 3 0300 3
00100001 bien 3 13 01313, 000 001010 0110 001100 001 511 mano 13
0010031113 00 su 31000150300, y que 00 3000113 110113 317 10001105
17150317005 y 00 17150317005; y 351, algunos 000 51111100 13 0010100
001 05131010, y 01105 00 ¹. Y por 050, 173 000 13 0010031113 3173 (10
, 171 3113, 317 0000551030 00 0110 105 000 ν31 30 5030 31 gusto (101 31-
00131500, signam 000 170 0010001 00 10 0000 000 170 11310. predic&
3111 01 Ρ. Avila⁰ 01013 00 13 303110100 00 Sant Miguel 313 13100.
Vi 3111 13 0353 00000 50 005003 3 1001, 0110 05 13 0110 50 005 3 00
dar, y 05 111017 0003 0053 0313 10 000 50 01010000 113201 3111, 0010
11000 000300 000 13 0105013 0353 170 50010, 000 05 00 005 11300035
00 50010130013, 17 1703 0301113, 17 1703 002103, 000 013 001 10305110
(10 (331311303, y 17005 31005 0013010 0513 0301113 17 emina y 511010,
00000 50 000113 113201 03513010 edificio. Y 00100 1000 0510 05 (10
13 0100115 , 0011 0οΖ11 103 03131313 31 011110100,0 3 13 01100053 00
50 absencia, 0100 10 317113 10017 0003 0110001130 00 10 3101,17 50113
10017 3 010005110 00 13 0013, 001 05131 00 10 100101 001 0001110 31
03105001,1710001 001 01303 13 0105103 000 013 001 01305110. Y 3170
0100 010110 000, 5101010 13 3110100 000 3 1110511300 01 01100100 1713
01100053, 00 50113 01100011050 31101 00 01105 135 01051035 03535 0110
0130 001 01305110, 000 50113 1703 0053 01017 00131110.

4. Ρ11171005 00 317 31 Visio, 00000 1131130105 31 Ρ. (30003105,
17 00 317 3 1111003, 00 0110 1000311105 0010ῑο 1οσ035 0313 171 3 001-
00113. 1131310 3111 000 01 1100001300 133110100Ἷο Ᾰ1113105 17 don
0101510031, 17 113110 000 173 31113 0011101100 01 don 0101510031 000
10 000 deuia 3 000 Diego y 31 000101 Loarte 4 00 10 035300, 03000

a Sic aut., 500 11300 0311101113 redundare videtur.—b Aut„ mrsu

¹ Haec declarata habes in Polanci Chronico, IV, 463.

2 Ρ.Α101100505 de Avila, vel Davila, qui postea nornen Alphonsi in
Basilii mutavit. ,

⁵ Vide POLANCO, chron„ IV, 462, 463.

4 Didaeus 00 Guzman et Gaspar de marte, quorum saepe in his MONU-
MENTIS meminimus.

