Il

LOCA, UBI EPISTOLAE DATAE SUNT ¹

ANTVERPIA (Anvers), 531, 571.

ASCHAFFENBURGUM (Aschaffen-
burg), 315.

AUGUSTA TREVIRORUM (Trier)‚ 432,
439, 448, 455, 463, 465, 467·

AUGUSTA VINDELICORUM (Augs-
burg), 13, 15, 18, 23, 28, 30, 35, 39,
46, 42, 47, 48, 49, 53, 54, 56, 76,
72, 772 80) 88, 105, 107, 109, 115,
121, 122, 132, 135, 139, 140, 145,
152, 154, 168, 287, 696, 699·

BONONIA, 664.

BRUXELLAE, 593.

CAMBEmACUMOEhambery), 627, 639.

CAMERACUM (Cambrai)‚ 550.

COLONIA AGRIPPJNA (Κὸῐη), 396,

403, 404, 422, 425.

D1L1NGA(Dillingen),6o, 63,171, 174,
179, 190, 290, 302, 307, 309, 310,

312.

HALA (Hall), 666, 669, 671, 673, 676-
684, 686-691, 693, 694, 761-764,
766, 768, 716, 712-714, 716, 717,

s 719, 722, 724-729, 734, 737, 739,

744, 746, 748·
INGOLSTADmM (Ingolstadt)‚ 161, 163,
1 8.
LEgan (Li6ge)‚ 513, 521.
LovANmM (Louvain)‚ 564, 568, 570,

583, 592, 596-
LUGDUNUM (Lyon)‚ 631 .

MOGUNTIA (Mainz), 367, 369, 382.

 

¹ Numeri paginas indicant.

MONACHIUM (Mfinchen)‚ 155, 156,
279, 284·

OENIPONS <Innsbruek)‚ 236, 255,
273, 274, 277, 278, 651, 742·

OLOMUTmM (Olmfitz)‚ 222.

PARISH, 577, 608, 618.

PRAGA (Prag)‚ 230, 231, 236.

ROMA‚1,3, 5,10‚ 11, 22, 44, 50) 58)
65, 67, 85, 112, 115, 124, 125, 130,
148, 156, 158, 176, 178, 200, 203,
208, 210, 220, 224, 225, 232, 234,
253, 280, 288, 320, 321, 350, 358,
361, 399, 467, 414, 418, 475, 486,
485, 563, 566, 569, 511, 529, 541,
544, 545, 549, 554, 555, 557, 559,

567, 574, 579, 594, 661, 665, 666,
615, 622, 624, 629, 636, 637, 644,

048, 050, 052002, 005, 009, 673,
676, 685, 687, 692, 694, 698, 765,
768, 711, 715, 718, 726, 721, 723,
733, 736, 741, 743, 747,

SPA, 491, 496.

Sp1RA(Speier)‚ 327, 341, 352.
TURNO (Tournon)‚ 641, 645.

TUSCULUM (Frascati), 459, 489, 525,
538.

TYBUR (Tivoli)⁷ 663.
ΥΕΝΕΤῐΑΕ, 749, 750.
VINDOBONA (Wien), 206, 213.

VIRDUNUM (Verdun), 618.
VITUS‚ S.‚ 474.

