836 Ems‘r. P. NADAL

7. Μ316616 ¹, 6116 31713 66 16661 eargo 66 1666 66 1311663 ra—
266, 661 5115 166156651616665, 6166 6116 63561635 6 511516613635 66
5115 16613616665, 3176 666 611-16111136 611666 161161 61161113 666 algu—
1135 horas 66 13 1635 minima 613556.

8. Ramires ² y Benedicto y ]3611 ⁵, 11326616 6116 61166611,
sigfim 66116666, 6616116 6316566166 6116 165 salta mucho 6313 66-
661 611166111 666 135 1661666135 6116 11611611 3 cargo. V. R„ 61661116
66 1666 6356 6116 venga 363 Dionisio Vasques y Dure'm 4, para
6116 56 611663 166166131 6513 61116613. Ρ616116, 51 13 6653 6353 366-
13616, 57 66 16 16166613 61165116 86661, 66 16661665 661 363 6116
16166616, 5166 113261 17363616665 311165 66 1161666, 66 1763 6 665 16-
66661135. Y esto (16 135 17363616665, 6166 6116 65 66665311551166 6116
135 3573 661 6513 116113 661 (165 6 1165 1116565 66 1761366, 661 561
1635 1116116 611 6113 6116 66 6113 63116. Y 51 66 6516 1161666 haze
13613 1166165166 66 165 16616165, 6116 65 harto 166661366, facil
5613 J usgar 6116 131 16 11313 66 61 1161666 66 165 162165 6316165. A
Rroea 176 61661116 66 6516163116 y alegrarlo, y 6316566 6116 56 3
36116366 algu 6135 66 65 6653 fixa, 66 65 6653 61113616, 6616116
1116 6126 6116 51616616 11666 6316611113 y 63163135, 57 6116 3 6351 dos
meses 6116 16 (11113, 57 6126 6116 65 166131 3 Dios 61 65131 36111.

9. Α66163 661 ,66616166 66 13 6353, 357 161157 gran falfa 661111-
615116, 6116116 61 1311666 (16 666 Antonio ⁵ 3 66 561 ministro y
rector y 16165 165 61116165, y 51 61 66 66116666 66 61165, 3176611610
66661616666 57 66 66611666135, 66 56 6161166 16 6116 6661116116. Α57
salta 1366166 66 3161116 66616561, 6616116 66 357 ninguno 5613-
166616 6313 6516 6116161616 a 5166 65 ῼ31316 6, 66161131 61326 3
61165116 86661 116666 mucha satisfaei<3n 66 6516 61161316. Τ361161611
357 66566163 b 66 31611166 6116 616616356, 6616116 6516 65 616116
1165616113 3 13 noble gente y 3 1666 61 61161116; 57 17156351665 ⁷ 357
66665 6 61661166ς y 351 6313 6116 65165 56 666666165611, 56113 161157
666116616616 13 171113 1762 66 6166163661, y 6313 6516 effecto 66 166
6316566 6116 66661666 11363 61 Ρ3616 366661616, 661 61661135 fal-
135 [sic] 6116 16 131136 6313 6116. Μ1157 grande 666166131616616 56113
del 56661 666 Κ11136 ³ y 66 6513 116113, 51 56 66111356 363 61 padre
1311513166616 6 Ξ311635; 57 6166 56 podria 113261 666 1361116316, 3
16 166665 661 6516 1161666 1116616 6116 31713 36165 6116 56 3573 66 dar

a Aut.‚ exemia—1³ Sic, pro necesidad.

¹ Marcellus 66 salazar. ² Antonius Ramirez.

⁵ De his duobus sociis vide POLANCO, loc. cit., pagg. 447, 449.

4 P. Jacobus Duran. Cf. POLANCO‚ loc. 611., pag. 388, 616.

⁵ P. Antonius 66 Cordoba. ‘³ P. Alphonsus 66 Ζ31316.

⁷ Id est, amici Societatis. Vide supra, n. 3 hujus epistolae.

³ Joannes 66 66166113, 666165136 cordubensis decanus, fundator collegii
Societatis.

